# Created by Octave 4.4.0, Wed Jul 10 11:11:09 2019 CEST <jogren@lxplus609.cern.ch>
# name: eta0_arr
# type: matrix
# rows: 22
# columns: 2
 0 0
 0 0
 0 0
 0 0
 0 0
 0 0
 1933.1564891841358 0
 12501.015795266007 0
 14239.283818509142 0
 97326.010729845992 0
 97722.550901677954 0
 -126739.26257893546 0
 -132186.27056960473 0
 -82530.698355073808 0
 -73316.051367504799 0
 -115775.64488068006 0
 -146550.4141793754 0
 -122649.93589100007 0
 -522233.1527392416 0
 -181232.86466337793 0
 1.7699519846559042 0
 76764.037937044719 0


# name: eta0
# type: matrix
# rows: 44
# columns: 1
 0
 0
 0
 0
 0
 0
 1933.1564891841358
 12501.015795266007
 14239.283818509142
 97326.010729845992
 97722.550901677954
 -126739.26257893546
 -132186.27056960473
 -82530.698355073808
 -73316.051367504799
 -115775.64488068006
 -146550.4141793754
 -122649.93589100007
 -522233.1527392416
 -181232.86466337793
 1.7699519846559042
 76764.037937044719
 0
 0
 0
 0
 0
 0
 0
 0
 0
 0
 0
 0
 0
 0
 0
 0
 0
 0
 0
 0
 0
 0


# name: eta1_arr
# type: matrix
# rows: 22
# columns: 2
 0 0
 0 0
 0 0
 0 0
 0 0
 0 0
 1933.1564891841358 0
 12501.015795266007 0
 14239.283818509142 0
 97326.03386361232 0
 97722.637723872336 0
 -126738.50391684895 0
 -132185.5655708205 0
 -82530.675597134774 0
 -73316.19457817456 0
 -115781.16703307244 0
 -146556.21716081788 0
 -122653.2225988727 0
 -522231.08419827052 0
 -181232.06694964904 0
 1.7756472715362293 0
 76763.628466896829 0


# name: eta1
# type: matrix
# rows: 44
# columns: 1
 0
 0
 0
 0
 0
 0
 1933.1564891841358
 12501.015795266007
 14239.283818509142
 97326.03386361232
 97722.637723872336
 -126738.50391684895
 -132185.5655708205
 -82530.675597134774
 -73316.19457817456
 -115781.16703307244
 -146556.21716081788
 -122653.2225988727
 -522231.08419827052
 -181232.06694964904
 1.7756472715362293
 76763.628466896829
 0
 0
 0
 0
 0
 0
 0
 0
 0
 0
 0
 0
 0
 0
 0
 0
 0
 0
 0
 0
 0
 0


