# Created by Octave 4.4.0, Thu Jan 23 11:45:35 2020 CET <jogren@lxplus600.cern.ch>
# name: eta0_arr
# type: matrix
# rows: 22
# columns: 2
 0 0
 -1.2225751720843538 -0.0042301814728975054
 -6.0074522183914958 -0.00046085592720284492
 0.78139849766845071 0.0067733987782264346
 9.0954760685751914 0.0011985262041644407
 21.115604213211792 -0.0090246117146219364
 1986.6092279832758 -0.029210742796688307
 12702.652097404982 -0.0057889006073964452
 14467.61341232958 -0.0031111041767870745
 98864.262290517814 0.079641290172119059
 99266.88759016656 0.089785103883206069
 -128745.3736692392 0.60613991349495189
 -134277.96826443879 0.66596587085678005
 -83825.769740010262 1.6040972961921807
 -74461.768571122666 1.7318121531523789
 -115720.75044638212 -1.3326402261980772
 -146311.33729901092 -2.0079403003962941
 -122371.47121920821 -3.592573494422973
 -520472.07326706778 -0.95304790967981612
 -180573.35463798876 -1.746333115048404
 191.67943953816558 0.63544832752025726
 76792.077363727411 2.4572106682996528


# name: eta0
# type: matrix
# rows: 44
# columns: 1
 0
 -1.2225751720843538
 -6.0074522183914958
 0.78139849766845071
 9.0954760685751914
 21.115604213211792
 1986.6092279832758
 12702.652097404982
 14467.61341232958
 98864.262290517814
 99266.88759016656
 -128745.3736692392
 -134277.96826443879
 -83825.769740010262
 -74461.768571122666
 -115720.75044638212
 -146311.33729901092
 -122371.47121920821
 -520472.07326706778
 -180573.35463798876
 191.67943953816558
 76792.077363727411
 0
 -0.0042301814728975054
 -0.00046085592720284492
 0.0067733987782264346
 0.0011985262041644407
 -0.0090246117146219364
 -0.029210742796688307
 -0.0057889006073964452
 -0.0031111041767870745
 0.079641290172119059
 0.089785103883206069
 0.60613991349495189
 0.66596587085678005
 1.6040972961921807
 1.7318121531523789
 -1.3326402261980772
 -2.0079403003962941
 -3.592573494422973
 -0.95304790967981612
 -1.746333115048404
 0.63544832752025726
 2.4572106682996528


# name: eta1_arr
# type: matrix
# rows: 22
# columns: 2
 0 0
 -1.2225754155614985 -0.0042301915859489607
 -6.0074535744711888 -0.00046080752548965194
 0.78139937500731893 0.0067735856412540901
 9.0954804983210398 0.0011986534435349562
 21.115614098798861 -0.0090246172805628737
 1986.6097084756839 -0.029211033747394109
 12702.655599787642 -0.0057858743800522083
 14467.617400378494 -0.0031080698982798027
 98867.125632928 0.076169989477519948
 99277.580065210088 0.076087005614833975
 -128628.16614674576 0.01235102752332462
 -134164.19180886072 -0.023789537297369545
 -83794.392663107792 -0.0010070633197356571
 -74449.205495993345 0.018389890379832963
 -116187.98447892464 2.4239631067394867
 -146807.18554592898 3.1057611081161118
 -122659.84942252449 5.1930311460584333
 -520378.39141772699 0.5337346686624389
 -180607.04395249588 0.75120196983596843
 -4.546797187860335 0.0021973644867799907
 76485.152560737406 -0.44388783711230007


# name: eta1
# type: matrix
# rows: 44
# columns: 1
 0
 -1.2225754155614985
 -6.0074535744711888
 0.78139937500731893
 9.0954804983210398
 21.115614098798861
 1986.6097084756839
 12702.655599787642
 14467.617400378494
 98867.125632928
 99277.580065210088
 -128628.16614674576
 -134164.19180886072
 -83794.392663107792
 -74449.205495993345
 -116187.98447892464
 -146807.18554592898
 -122659.84942252449
 -520378.39141772699
 -180607.04395249588
 -4.546797187860335
 76485.152560737406
 0
 -0.0042301915859489607
 -0.00046080752548965194
 0.0067735856412540901
 0.0011986534435349562
 -0.0090246172805628737
 -0.029211033747394109
 -0.0057858743800522083
 -0.0031080698982798027
 0.076169989477519948
 0.076087005614833975
 0.01235102752332462
 -0.023789537297369545
 -0.0010070633197356571
 0.018389890379832963
 2.4239631067394867
 3.1057611081161118
 5.1930311460584333
 0.5337346686624389
 0.75120196983596843
 0.0021973644867799907
 -0.44388783711230007


