# Created by Octave 4.2.2, Wed Jan 22 15:43:48 2020 CET <jim@jim-ThinkPad-T440s>
# name: eta0_arr
# type: matrix
# rows: 22
# columns: 2
 0 0
 0 0
 0 0
 0 0
 0 0
 0 0
 1933.156489184136 0
 12501.01579526601 0
 14239.28381850914 0
 97326.01072984599 0
 97722.55090167795 0
 -126739.2625789355 0
 -132186.2705696047 0
 -82530.69835507381 0
 -73316.0513675048 0
 -115775.6448806801 0
 -146550.4141793754 0
 -122649.9358910001 0
 -522233.1527392416 0
 -181232.8646633779 0
 1.769951984655904 0
 76764.03793704472 0


# name: eta0
# type: matrix
# rows: 44
# columns: 1
 0
 0
 0
 0
 0
 0
 1933.156489184136
 12501.01579526601
 14239.28381850914
 97326.01072984599
 97722.55090167795
 -126739.2625789355
 -132186.2705696047
 -82530.69835507381
 -73316.0513675048
 -115775.6448806801
 -146550.4141793754
 -122649.9358910001
 -522233.1527392416
 -181232.8646633779
 1.769951984655904
 76764.03793704472
 0
 0
 0
 0
 0
 0
 0
 0
 0
 0
 0
 0
 0
 0
 0
 0
 0
 0
 0
 0
 0
 0


# name: eta1_arr
# type: matrix
# rows: 22
# columns: 2
 0 0
 0 0
 0 0
 0 0
 0 0
 0 0
 1933.156489184136 0
 12501.01579526601 0
 14239.28381850914 0
 97326.03386361232 0
 97722.63772387234 0
 -126738.5039168489 0
 -132185.5655708205 0
 -82530.67559713477 0
 -73316.19457817456 0
 -115781.1670330724 0
 -146556.2171608179 0
 -122653.2225988727 0
 -522231.0841982705 0
 -181232.066949649 0
 1.775647271536229 0
 76763.62846689683 0


# name: eta1
# type: matrix
# rows: 44
# columns: 1
 0
 0
 0
 0
 0
 0
 1933.156489184136
 12501.01579526601
 14239.28381850914
 97326.03386361232
 97722.63772387234
 -126738.5039168489
 -132185.5655708205
 -82530.67559713477
 -73316.19457817456
 -115781.1670330724
 -146556.2171608179
 -122653.2225988727
 -522231.0841982705
 -181232.066949649
 1.775647271536229
 76763.62846689683
 0
 0
 0
 0
 0
 0
 0
 0
 0
 0
 0
 0
 0
 0
 0
 0
 0
 0
 0
 0
 0
 0


