# Created by Octave 4.2.2, Wed Jan 22 16:09:06 2020 CET <jim@jim-ThinkPad-T440s>
# name: Knobs_sextupole
# type: scalar struct
# ndims: 2
 1 1
# length: 11
# name: I
# type: matrix
# rows: 12
# columns: 1
 48
 59
 70
 79
 210
 220
 48
 59
 70
 79
 210
 220


# name: L
# type: sq_string
# elements: 12
# length: 1
x
# length: 1
x
# length: 1
x
# length: 1
x
# length: 1
x
# length: 1
x
# length: 1
y
# length: 1
y
# length: 1
y
# length: 1
y
# length: 1
y
# length: 1
y


# name: K
# type: matrix
# rows: 15
# columns: 12
 1.039266091205951e-05 -7.278486835982961e-06 -2.343276802825099e-06 5.508071062310876e-06 2.77192718730698e-06 7.851565727126009e-07 7.046969632258657e-06 7.706450891027006e-06 2.119276813051304e-06 2.126618632849324e-07 6.947648790656919e-06 -1.012203034198446e-06
 0.04491209691484154 -0.03433979289288928 0.01950209791959334 0.01920760074641749 0.0970288822499342 -0.05854642031997916 -0.0005684297951503095 -0.0006945327025189005 8.750809493185678e-06 0.0007139923562515405 -0.001044950060765422 -0.0004040639594180688
 0.0005455910059858064 -0.0001621248764819796 -0.0006947160396045991 0.0006451073353739521 -0.0004526100527548644 -0.0003382990959536768 0.03401813386257176 0.1951679923559018 -0.09421059545023254 -0.290993646735617 -0.4725851398009588 1.255049137250191
 2.904957587427797e-05 -1.170228795064019e-05 4.473729115056317e-06 8.87188439220553e-06 3.178567996740459e-05 -2.088266172679006e-05 5.695694847612128e-06 6.196265474384691e-06 2.400538179772365e-06 2.333806302670282e-06 2.6435394257683e-06 4.202263083140812e-07
 -3.580204282998682e-06 3.75057418850763e-07 5.074638486791791e-06 1.083868701036373e-06 2.185704022703553e-06 -2.258724724597759e-06 -0.0003203169696814311 -9.275896451614653e-05 4.444871760705635e-07 -1.508495917473729e-05 2.295402775349351e-05 8.344744121045338e-06
 -0.003894635913637908 0.01418426398117612 -0.004861541686515971 -0.004453404365516184 0.02755338752946148 -0.007898800455588256 -0.001495645005416018 0.001301697110658961 0.00190891558977958 -0.001655412807593943 -0.0001441962980385192 -0.0005407017332828841
 0.001069684980503686 -0.0006388206057826663 0.001095073703839234 0.002369079193511406 -0.0007819044573230786 0.0002637189373414797 -0.005696337751256642 -0.02645755672185485 0.01201194560081315 0.03706510573881498 -0.04258094309469395 0.113463666134734
 0.005561707792443062 -0.005037308911560192 0.002970150090574151 0.00350940694879499 0.1071845435730135 -0.06468582418462447 -0.0007097852716606389 -0.0005709321155399223 0.0002232547081421201 0.0003034003885430094 -0.0004355898386192456 -0.0003809395900480529
 0.0007708810137742139 -0.000594905448627026 -0.001720450817471228 -0.0005698073969320628 -0.0002170327612462231 7.978949619920686e-05 0.0005239011935314384 -0.01077212742094661 0.0043606325444266 0.01370869431854592 -0.006333756410454646 0.0177435376533624
 -0.0006612659530166487 0.03309966972335203 -0.01141795933414507 -0.07583929239529158 0.01900597672162696 -0.07242411804027711 0.006030318277808065 0.1567217501349105 0.03839825313201923 0.3547713272347994 0.2789150135529897 1.919247369958925
 0.0005955778074915037 -0.0003705160210883314 -0.0006571042882266931 0.0007712934285708269 -0.000270203283556635 7.063434405301476e-06 0.004035136602978996 0.02750653748388706 -0.01309039658343521 -0.0410961648064508 -0.5234689513269064 1.389766476745251
 0.002251039388456114 -0.053773428783418 0.02265617942159393 0.2174083219098048 -0.02931387554213497 0.3539895731080661 -0.001110001560281538 0.0004712170713416719 -0.000116542775213898 -0.000121709756514526 -0.001396750639464896 0.002751259447235065
 1.273053832510173e-05 -3.4843000719712e-06 1.016817774133122e-06 2.566703987934356e-06 6.504143731195247e-05 -4.565650176963069e-05 5.980714611465314e-07 3.57027823219861e-06 4.446877662532626e-06 2.012665915955529e-06 2.680841485340564e-06 3.08019265190005e-06
 -1.787362824347622e-06 5.211016109708344e-07 5.431809283655159e-06 3.361335594501848e-06 -5.512619816959077e-08 -5.80098875526456e-07 -5.055392230815947e-05 -1.237190939586891e-05 9.025316454568507e-07 2.964797736039807e-06 2.667870453603843e-05 1.510034345331948e-05
 -2.252189634349509e-05 5.381367971568099e-05 -1.07656998769844e-06 3.05977116093121e-05 3.404658316709597e-06 5.748118627725024e-06 2.117780472258693e-06 6.699870427318237e-07 -1.442456310839907e-09 9.331724880434446e-08 1.328967001818992e-07 4.974332511575222e-08


# name: S
# type: matrix
# rows: 12
# columns: 1
 2.712522987253434
 0.823754885887368
 0.4253436268937268
 0.2204546509633283
 0.1600535094681935
 0.04168688639343357
 0.009652506672162876
 0.003480078357177737
 0.00205409194585197
 0.0002311299185603027
 1.688458825156764e-05
 6.181147230367482e-06


# name: V
# type: matrix
# rows: 12
# columns: 12
 -6.299530864776192e-05 -0.001120459258954107 -0.008826865367831184 -0.007470525372600695 0.2274427135167955 -0.6265317839191138 0.7009317658309456 -0.1434007643947834 0.1015107498582984 -0.001116875841010732 -0.1585846519295495 0.09093328847223375
 -0.008465664051025243 0.03280964097233424 -0.1099781017850672 0.01360141262486061 -0.2311642826881793 0.5583007588334918 0.5422325077270052 0.2209374565626915 0.2783139782314421 0.4188776271840098 -0.08048704741365859 0.1386010887584068
 0.003201373764002391 -0.01069043638756863 0.04496859237496857 -0.005180773020066015 0.1247331741396286 -0.2831975968722401 -0.02878664914280232 0.5251213419438273 -0.1244999695592731 0.3988293494766321 0.6648913956617708 0.09402367828588921
 0.01947195643023337 -0.08321137118535413 0.4852517657512209 -0.009942012823190868 0.3596788935953896 -0.07520736283370046 -0.2800472603480521 0.2203583264845275 0.404966249221803 0.3546569356500969 -0.4443235911508256 -0.08897537954965479
 -0.004805586816013179 0.02091059176553603 -0.1332047013539874 -0.01510077513823278 0.8589016990633834 0.413083145536997 0.1135077661983183 -0.0956657780227563 -0.1292050604756116 -0.1117764900231683 0.1408060042874594 0.04656283436652507
 0.01912819480310634 -0.09126784948014746 0.8460069150854961 0.026482500508752 -0.1066763006893076 0.1920180075083984 0.2603875778009777 -0.1449835969835669 -0.2091564433011701 -0.1871527477880462 0.2318199363263065 0.07272918635747813
 -0.008275907268197581 -0.01987712344714639 -0.006184571950587258 0.09715018097943674 -0.004900170169992008 -0.02448099750768145 -0.1184853238534265 -0.7227125508312489 -0.08682501378866128 0.649981420199676 0.1517654120903373 -0.006107273723805083
 -0.07981401663306964 -0.01193382925648174 -0.009270536895653549 0.5955036324545145 0.01637233991840326 -0.0009784663500710356 0.05791074588055715 0.218856439945266 -0.6416119605377082 0.1664360996889841 -0.3815295940467686 -0.04821064534251909
 0.009156578257804783 0.1036801736686478 0.01693598694908811 -0.236544970694851 -0.004238355237235203 0.03458559881466841 0.1879997144358889 0.04421326899004509 -0.1237389962452948 0.08812601561572769 0.04320961301070387 -0.9324531035327193
 -0.03236091241742528 0.5235286768127522 0.078950190390405 -0.6248133600738515 -0.009415523981735653 -0.01104410765765655 -0.03575056060393308 0.04567539925886034 -0.402973777304914 0.1611606018712908 -0.2524219318003732 0.2694312952892575
 0.1147463676241584 0.8316983350236982 0.09410492588619443 0.4334731278335706 0.01986632618329699 -0.02066572684189187 -0.02516134172838006 -0.04055752072365382 0.2572016674897379 -0.08520338492548409 0.1357732063402793 -0.058395497232899
 -0.989147801305984 0.07762274443214605 0.036937395660394 0.01993007731418762 0.004505731973407925 -0.006861117375298252 -0.00949787183239912 -0.01558590997154782 0.09613653445557903 -0.03159725283649047 0.0518273157739183 -0.02173845723426441


# name: Ix
# type: matrix
# rows: 6
# columns: 1
 48
 59
 70
 79
 210
 220


# name: Sx
# type: matrix
# rows: 6
# columns: 1
 0.4407822253409825
 0.1605790805814398
 0.0487777238740773
 0.02408133212019821
 0.005047841759217091
 0.002332228060643586


# name: Vx
# type: matrix
# rows: 6
# columns: 6
 -0.007437382420046846 0.2275037910108007 -0.4066548178982536 0.7513451627150884 -0.4309181123350655 0.1805785048803184
 -0.1251597157851162 -0.2399276070222066 0.597999960319108 0.06414161479489798 -0.6959994094965901 -0.2839656874050679
 0.04973979114966354 0.1271058147190947 -0.2510095216956826 0.1254217472559896 0.1272637135591488 -0.9415081611889921
 0.5054686907378144 0.3652941007214496 -0.2673110910572996 -0.5386389995661931 -0.4994096624242257 0.008026237182835084
 -0.1363992884732405 0.852095859619867 0.4776376260394609 0.07931239023907107 0.1441823636593931 0.01054367479664697
 0.841250450728859 -0.1225305934274946 0.338273861458039 0.345272729783704 0.2085660200992202 0.01190314264159697


# name: Iy
# type: matrix
# rows: 6
# columns: 1
 48
 59
 70
 79
 210
 220


# name: Sy
# type: matrix
# rows: 6
# columns: 1
 2.711396760003676
 0.8185138743211814
 0.2204825889121697
 0.003745623801463858
 0.001884154563539729
 0.001669482712216973


# name: Vy
# type: matrix
# rows: 6
# columns: 6
 -0.008282701716886045 -0.0201399131180804 -0.0972917825226832 -0.835656645525703 -0.4375455555854258 0.3166890389350319
 -0.07984575467582362 -0.01200269724191261 -0.5958402049163417 0.3250516789765378 0.04121530075100301 0.7287645339222794
 0.009188290200540301 0.1046477289256387 0.2367845957738884 0.4384120877343979 -0.8592174127508626 0.04937370061250142
 -0.03222958833727775 0.5284926981584517 0.625706745521706 -0.0237528405418367 0.253814653636372 0.5129928989792031
 0.1150407259993308 0.8381028285264337 -0.4330673663860084 -0.05316844126767763 -0.06043801144929864 -0.3005366865696202
 -0.989544598607291 0.08233036376947026 -0.01963515324944683 -0.02057030702224477 -0.02293451042994655 -0.1126433754196948




# name: Knobs_octupole
# type: scalar struct
# ndims: 2
 1 1
# length: 11
# name: I
# type: matrix
# rows: 4
# columns: 1
 73
 208
 73
 208


# name: L
# type: sq_string
# elements: 4
# length: 1
x
# length: 1
x
# length: 1
y
# length: 1
y


# name: K
# type: matrix
# rows: 15
# columns: 4
 -1.597578745030783e-05 9.397163388809586e-06 -5.422482298634712e-06 -1.830445036345009e-06
 0.002305277952180357 -0.0009030562972541101 0.0003563619948139433 0.0001696548673966834
 0.0002969286256188517 -0.0007054629424073528 -6.146033801614875e-07 0.0003823359354267803
 -1.397325789277709e-05 4.247557480776306e-06 -1.594315879863194e-06 -3.030641814953468e-06
 4.447097322115537e-07 4.588060650616472e-06 -4.086130937007853e-06 -2.619962036236147e-06
 -0.0001450840102494029 -0.003948016684076751 0.002957419984617998 0.000131212251066929
 0.0009578596130120643 -0.002604271666780211 -0.001016255640388063 0.001652196283568862
 0.002487417912408905 -0.0003541871413514992 0.0002824197419384848 0.0005239965051906974
 -0.0004695246250437848 -0.001249207439880339 2.198392556137924e-05 0.000204584616933593
 -0.001298855069769785 -0.001687727678577144 0.001223107124367256 -0.000499851252370419
 0.000458669295318877 -0.0007842083360634643 6.571675229461657e-05 0.0003420824240265822
 -0.0005600891395954477 -0.0008382060936442124 0.001209405413792469 -0.0005670547718465981
 -8.267170521012591e-06 3.233261995207274e-07 7.565040638199241e-07 -2.602516875528936e-06
 -2.117875079768955e-07 6.022497361853944e-07 -2.849554975201901e-07 -1.500330515921003e-07
 6.666636887908959e-08 -8.698086471923486e-09 3.874963597752437e-08 -1.074458228512406e-08


# name: S
# type: matrix
# rows: 4
# columns: 1
 0.00605775368691584
 0.004224095447523012
 0.002568963727868572
 0.0004815880689195355


# name: V
# type: matrix
# rows: 4
# columns: 4
 0.06583801586754084 -0.8619682267578259 -0.4830041776151172 -0.1392231882013161
 -0.8832786578948173 0.0753188972859727 -0.3440256596962102 0.3095031852659076
 0.4530321048584602 0.3519004832288953 -0.6923927349458021 0.4376302805623205
 0.1012229230049629 -0.3570768680198487 0.411029938655573 0.8326490375375828


# name: Ix
# type: matrix
# rows: 2
# columns: 1
 73
 208


# name: Sx
# type: matrix
# rows: 2
# columns: 1
 0.005464511162711051
 0.003825415687723654


# name: Vx
# type: matrix
# rows: 2
# columns: 2
 -0.1464388220738465 -0.9892197285687463
 0.9892197285687463 -0.1464388220738465


# name: Iy
# type: matrix
# rows: 2
# columns: 1
 73
 208


# name: Sy
# type: matrix
# rows: 2
# columns: 1
 0.003677787454830285
 0.001830315762423028


# name: Vy
# type: matrix
# rows: 2
# columns: 2
 0.9712479477635638 -0.2380702080586007
 -0.2380702080586007 -0.9712479477635638




